1?11?00?1?



Expected outupt ->>>>>>>>>>
                                1011000010
                                1011000011
                                1011000110
                                1011000111
                                1011100010
                                1011100011
                                1011100110
                                1011100111
                                1111000010
                                1111000011
                                1111000110
                                1111000111
                                1111100010
                                1111100011
                                1111100110
                                1111100111








                                